name,addr:city,addr:street,opening_hours,phone,@lat,@lon
,,,,,42.0004578,21.4416599
,,,,,42.0012018,21.4421810
,,,,,42.0015480,21.4426383
,,,,,42.0016610,21.4432975
,,,,,42.0015929,21.4435411
,,,,,42.0011453,21.4448499
,,,,,42.0008657,21.4451795
,,,,,42.0006767,21.4453365
,,,,,42.0004458,21.4454825
,,,,,41.9996057,21.4453821
,,,,,41.9994007,21.4451251
,,,,,41.9990388,21.4445721
,,,,,41.9986513,21.4435925
,,,,,41.9987958,21.4424577
,,,,,41.9991981,21.4405397
,,,,,41.9998646,21.4403693
,,,,,41.9999028,21.4411093
,,,,,42.0000214,21.4414296
,,,,,42.0001696,21.4415547
,,,,,42.0052669,21.4058279
,,,,,42.0044248,21.4056171
,,,,,42.0051802,21.4064556
,,,,,42.0046886,21.4868299
,,,,,42.0026188,21.3356655
,,,,,42.0026445,21.3353157
,,,,,42.0023688,21.3352845
,,,,,42.0022063,21.3352450
,,,,,42.0019300,21.3351982
,,,,,42.0016416,21.3352340
,,,,,42.0015478,21.3352457
,,,,,42.0014553,21.3361311
,,,,,42.0014872,21.3371697
,,,,,42.0024818,21.3372395
,,,,,42.0026039,21.3360730
,,,,,42.0053196,21.4066027
,,,,,42.0043380,21.4062447
,,,,,42.0037526,21.4105069
,,,,,42.0051612,21.4108433
,,,,,42.0056123,21.4071510
,,,,,42.0054208,21.4058722
,,,,,42.0058499,21.4059795
,,,,,42.0057211,21.4069574
,,,,,42.0055752,21.4063983
,,,,,42.0055191,21.4068220
,,,,,42.0057178,21.4068696
,,,,,42.0057739,21.4064459
,,,,,42.0025191,21.4594243
,,,,,42.0020343,21.4594501
,,,,,42.0020343,21.4593900
,,,,,42.0015815,21.4593900
,,,,,42.0015815,21.4591840
,,,,,42.0017027,21.4591840
,,,,,42.0017027,21.4592441
,,,,,42.0019195,21.4592527
,,,,,42.0019195,21.4591840
,,,,,42.0019897,21.4591926
,,,,,42.0019897,21.4590038
,,,,,42.0020981,21.4590123
,,,,,42.0020917,21.4592098
,,,,,42.0021364,21.4592098
,,,,,42.0021364,21.4593042
,,,,,42.0025127,21.4592956
,,,,,41.9886720,21.4369217
,,,,,41.9888152,21.4379639
,,,,,41.9889347,21.4379061
,,,,,41.9800150,21.4254022
,,,,,41.9799752,21.4263857
,,,,,41.9792797,21.4269732
,,,,,41.9787702,21.4271197
,,,,,41.9783714,21.4274270
,,,,,41.9782780,21.4271858
,,,,,41.9786259,21.4256021
,,,,,41.9796573,21.4244497
,,,,,42.0021549,21.4517388
,,,,,42.0001128,21.4545155
,,,,,41.9998592,21.4532139
,,,,,42.0017530,21.4381019
,,,,,42.0016331,21.4376321
,,,,,42.0019179,21.4376706
,,,,,42.0015602,21.4378242
,,,,,42.0015926,21.4374454
,,,,,42.0015932,21.4379913
,,,,,42.0017014,21.4379213
,,,,,42.0017743,21.4377292
,,,,,42.0014277,21.4378768
,,,,,42.0002663,21.4454754
,,,,,41.9882596,21.4250535
,,,,,41.9887029,21.4246432
,,,,,41.9885866,21.4248859
,,,,,41.9885474,21.4248519
,,,,,41.9883196,21.4253138
,,,,,41.9883475,21.4252555
,,,,,41.9882170,21.4251423
,,,,,41.9884140,21.4251305
,,,,,41.9885637,21.4255254
,,,,,41.9883947,21.4251707
,,,,,41.9888231,21.4247474
,,,,,41.9997968,21.4183418
,,,,,41.9999039,21.4177906
,,,,,42.0001056,21.4178616
,,,,,41.9999985,21.4184128
,,,,,42.0004364,21.4179835
,,,,,42.0004080,21.4181232
,,,,,41.9999132,21.4186310
,,,,,41.9996382,21.4191537
,,,,,42.0004400,21.4190693
,,,,,42.0002464,21.4189401
,,,,,42.0001055,21.4188048
,,,,,42.0000507,21.4190854
,,,,,42.0002744,21.4179262
,,,,,42.0001653,21.4193554
,,,,,42.0000359,21.4194351
,,,,,42.0000588,21.4193177
,,,,,41.9999175,21.4192525
,,,,,41.9998918,21.4193842
,,,,,41.9998043,21.4189982
,,,,,42.0002470,21.4180663
,,,,,41.9997514,21.4185738
,,,,,42.0027172,21.4578330
,,,,,42.0021631,21.4576881
,,,,,42.0027162,21.4582908
,,,,,42.0020947,21.4594469
,,,,,42.0017405,21.4587235
,,,,,42.0017373,21.4584791
,,,,,42.0023335,21.4585644
,,,,,42.0021541,21.4584410
,,,,,42.0021900,21.4589828
,,,,,42.0021711,21.4586966
,,,,,42.0027202,21.4585108
,,,,,42.0023289,21.4578402
,,,,,42.0023265,21.4581119
,,,,,42.0023305,21.4582997
,,,,,42.0023534,21.4589721
,,,,,42.0025549,21.4578295
,,,,,42.0021565,21.4582371
,,,,,42.0023257,21.4576881
,,,,,42.0027122,21.4580816
,,,,,42.0029582,21.4548624
,,,,,42.0032406,21.4572829
,,,,,42.0045049,21.4599140
,,,,,42.0028967,21.4598696
,,,,,42.0027085,21.4537933
,,,,,42.0026692,21.4574035
,,,,,42.0004687,21.4569100
,,,,,42.0019756,21.4570283
,,,,,42.0010376,21.4597515
,,,,,42.0031270,21.4572663
,,,,,42.0028080,21.4573389
,,,,,42.0028047,21.4598068
,,,,,42.0031384,21.4560852
,,,,,42.0009208,21.4572034
,,,,,42.0035547,21.4578051
,,,,,42.0004749,21.4528305
,,,,,42.0033441,21.4501735
,,,,,42.0005012,21.4513414
,,,,,42.0027232,21.4491184
,,,,,42.0044372,21.4595858
,,,,,42.0043103,21.4592266
,,,,,42.0040736,21.4598707
,,,,,41.9988564,21.4410005
,,,,,42.0044778,21.4597827
Факултет за музичка уметност,,,,,41.9973091,21.4351329
,,,,,41.9933364,21.4094540
,,,,,41.9930394,21.4100682
,,,,,41.9928215,21.4104750
,,,,,41.9931550,21.4093092
,,,,,41.9926985,21.4103686
,,,,,41.9928261,21.4100790
,,,,,41.9932707,21.4095532
,,,,,41.9929776,21.4097222
,,,,,42.0003571,21.4058793
,,,,,41.9982928,21.3911159
,,,,,41.9985593,21.3891951
,,,,,41.9999664,21.3907239
,,,,,41.9986345,21.3891176
,,,,,41.9983080,21.3911714
,,,,,41.9985484,21.3892414
,,,,,41.9994749,21.3914934
,,,,,41.9995561,21.3909162
,,,,,41.9997671,21.3909600
,,,,,42.0001447,21.3894953
,,,,,42.0051661,21.4065639
,,,,,42.0004052,21.4183208
,,,,,42.0003109,21.4190237
,,,,,42.0001899,21.4193209
,,,,,42.0003439,21.4188892
,,,,,42.0006309,21.4180918
,,,,,42.0004421,21.4193517
,,,,,42.0005884,21.4187095
,,,,,42.0000322,21.4199334
,,,,,42.0004291,21.4180204
,,,,,42.0007554,21.4181726
,,,,,42.0003727,21.4185690
,,,,,42.0002311,21.4178900
,,,,,41.9998758,21.4177641
,,,,,42.0002941,21.4177427
,,,,,41.9994880,21.4197215
,,,,,41.9922662,21.4747274
,,,,,41.9928364,21.4748908
,,,,,41.9924347,21.4740851
,,,,,41.9931474,21.4747406
,,,,,41.9928224,21.4731436
,,,,,41.9935736,21.4736712
,,,,,41.9570252,21.5594555
,,,,,41.9549782,21.5567613
,,,,,41.9586695,21.5557401
,,,,,41.9791292,21.4249009
,,,,,41.9783725,21.4265042
,,,,,41.9784139,21.4263821
,,,,,41.9785574,21.4269684
,,,,,41.9788501,21.4252873
,,,,,41.9797257,21.4265830
,,,,,42.0321666,21.4521561
,,,,,42.0317681,21.4538942
,,,,,42.0314135,21.4535026
,,,,,42.0321427,21.4527677
,,,,,42.0319036,21.4520756
,,,,,42.0318313,21.4523070
,,,,,42.0319315,21.4530359
,,,,,42.0316207,21.4538620
,,,,,42.0316486,21.4535401
,,,,,42.0312740,21.4540658
,,,,,42.0304373,21.4538405
,,,,,42.0306445,21.4521990
,,,,,42.0009404,21.4419865
,,,,,42.0013050,21.4441339
,,,,,42.0017830,21.3352519
,,,,,42.0039464,21.4090996
,,,,,42.0019365,21.4567187
,,,,,42.0026138,21.4565020
,,,,,41.9590077,21.5588735
,,,,,41.9594035,21.5583880
,,,,,41.9598088,21.5571488
,,,,,41.9597545,21.5568447
,,,,,41.9543922,21.5582930
,,,,,41.9596381,21.5566247
,,,,,41.9582746,21.5582780
,,,,,41.9992883,21.4351259
,,,,,41.9992574,21.4354179
,,,,,41.9990488,21.4352721
,,,,,41.9990647,21.4351012
,,,,,41.9990571,21.4351723
,,,,,41.9989415,21.4353519
,,,,,41.9989488,21.4352335
,,,,,41.9988620,21.4352239
,,,,,41.9988696,21.4350995
,,,,,41.9989276,21.4351059
,,,,,41.9989315,21.4350421
,,,,,41.9993741,21.4352482
,,,,,41.9994106,21.4404854
,,,,,42.0011903,21.4506520
,,,,,42.0008179,21.4542726
,,,,,41.9885525,21.4369794
,,,,,41.9996148,21.3909284
,,,,,41.9887769,21.4250804
,,,,,41.9886969,21.4250110
Медицински Факултет,,,,,41.9898623,21.4246243
,,,,,42.0032023,21.4498380
,,,,,41.9985813,21.4440414
,,,,,41.9985878,21.4442184
,,,,,41.9986372,21.4443766
,,,,,41.9987662,21.4444906
,,,,,41.9990079,21.4406215
,,,,,42.0021461,21.4538549
,,,,,41.9988673,21.4351375
,,,,,41.9993175,21.4351077
,,,,,42.0026897,21.4577672
,,,,,42.0023846,21.4577698
,,,,,42.0023788,21.4581698
,,,,,42.0026761,21.4581544
,,,,,42.0025141,21.4589893
,,,,,42.0025176,21.4592462
,,,,,42.0024169,21.4592508
,,,,,42.0024169,21.4589847
,,,,,42.0053856,21.4873640
,,,,,42.0047757,21.4906794
,,,,,42.0041513,21.4909204
,,,,,42.0038125,21.4905230
,,,,,42.0038706,21.4895981
,,,,,42.0037883,21.4892529
,,,,,42.0040545,21.4887253
,,,,,42.0041368,21.4882303
,,,,,42.0038512,21.4876897
,,,,,42.0039529,21.4874552
,,,,,42.0044514,21.4872403
,,,,,42.0022475,21.4538236
,,,,,41.9996837,21.4197977
,,,,,41.9798630,21.4250042
,,,,,41.9786392,21.4261512
,,,,,41.9800375,21.4260400
,,,,,42.0039911,21.4087570
,,,,,42.0042874,21.4066088
,,,,,42.0005818,21.4047026
,,,,,41.9999215,21.4045408
,,,,,42.0004870,21.4054048
,,,,,42.0004296,21.4053907
,,,,,42.0004029,21.4055885
,,,,,42.0003425,21.4055737
,,,,,42.0003030,21.4058660
,,,,,41.9983341,21.3912186
,,,,,41.9983658,21.3912388
,,,,,41.9985795,21.3891606
,,,,,41.9986054,21.3891334
,,,,,42.0040211,21.4085288
,,,,,42.0042743,21.4067036
,,,,,42.0004140,21.4180928
,,,,,42.0004474,21.4181046
,,,,,42.0004202,21.4183261
,,,,,42.0004043,21.4185802
,,,,,42.0003221,21.4189668
,,,,,41.9998387,21.4188220
,,,,,41.9998735,21.4188343
,,,,,41.9994054,21.4351174
,,,,,42.0091177,21.4131563
,,,,,42.0084008,21.4133327
,,,,,42.0091539,21.4128930
,,,,,42.0085941,21.4125200
,,,,,42.0089448,21.4135285
Меѓународен балкански универзитет,,Самоилова,,,42.0017934,21.4348281
,,,,,42.0002701,21.4065244
,,,,,41.9996734,21.4063786
,,,,,41.9996033,21.4453565
,,,,,41.9991727,21.4447070
,,,,,41.9992309,21.4448137
,,,,,41.9813511,21.4534984
,,,,,41.9819192,21.4539873
,,,,,41.9819473,21.4541922
,,,,,41.9819517,21.4540162
,,,,,41.9819686,21.4541384
,,,,,41.9819674,21.4540362
,,,,,41.9819779,21.4541058
,,,,,41.9819814,21.4540767
,,,,,41.9812231,21.4557484
,,,,,41.9810836,21.4556283
,,,,,41.9804738,21.4553438
,,,,,41.9810061,21.4557971
,,,,,41.9816433,21.4548513
,,,,,41.9819768,21.4540545
,,,,,42.0006516,21.4184865
,,,,,42.0005067,21.4190378
,,,,,41.9990870,21.4446207
,,,,,42.0012678,21.4445897
,,,,,42.0013744,21.4439265
,,,,,42.0014747,21.4437652
,,,,,42.0016315,21.4434344
,,,,,42.0016381,21.4428652
,,,,,42.0013350,21.4423613
,,,,,42.0010033,21.4420080
,,,,,42.0007878,21.4418723
,,,,,42.0007893,21.4419430
,,,,,42.0008228,21.4419910
,,,,,42.0049991,21.4108037
,,,,,42.0039696,21.4089361
,,,,,41.9990674,21.4350571
,,,,,41.9992838,21.4354208
,,,,,41.9992753,21.4355603
,,,,,41.9993545,21.4355690
,,,,,41.9993973,21.4352507
,,,,,41.9993162,21.4351290
Универзитет „Св. Кирил и Методиј“,Cкoпje,Булевар Гоце Делчев,,+389 2 3293293,42.0001211,21.4429258
Факултет за драмски уметности,,Руѓер Бошковиќ,,,42.0048024,21.4060363
Универзитет „Њујорк“,,,,,42.0020499,21.3362188
Педагошка Академија,,,,,42.0001276,21.4055326
Техничко-технолошки кампус,,,,,42.0048012,21.4083577
Машински Факултет,Cкoпje,,,,42.0056465,21.4066339
Шумарски факултет,Cкoпje,Булевар Александар Македонски,,,42.0020503,21.4592269
Економски институт - Скопје,Cкoпje,,,,41.9887436,21.4374427
Универзитет Американ Колеџ Скопје,Cкoпje,Булевар 3та Македонска Бригада,,+389 2 2463156,41.9812276,21.4546477
Институт за земјотресно инженерство и инженерска сеизмологија - ИЗИИС,,,,,41.9791577,21.4259383
Природно Математички Факултет,,,,,42.0016016,21.4518169
,,,,,42.0016672,21.4377766
,,,,,42.0016728,21.4377736
Фармацевтски Факултет,Cкoпje,,,,41.9885200,21.4250843
Архитектонски Факултет,Cкoпje,Булевар Партизански Одреди,,+389 2 3164 974,41.9999512,21.4181017
Факултет за земјоделски науки и храна,Cкoпje,Булевар Александар Македонски,,,42.0022287,21.4583354
,,,,,42.0036564,21.4585901
Студентски Дом Стив Наумов,,,,,42.0016256,21.4554107
,,,,,42.0018627,21.4585051
Православен Богословски факултет - Свети Климент Охридски,,Загребска,,,41.9930174,21.4098921
Студентски дом „Гоце Делчев“,,,,,41.9992187,21.3903055
Градежен факултет,Cкoпje,Булевар Партизански Одреди,,+389 2 3116 066,42.0001345,21.4186806
,,,,,42.0001217,21.4188380
ФОН Универзитет,,,,,41.9929199,21.4740172
Институт за лозарство и винарство,,,,,42.0313019,21.4530707
Факултет за безбедност,,,,,41.9571005,21.5575977
Факултет за дизајн и технологии на мебел и ентериер,Cкoпje,16 Македонска Бригада,,,42.0025342,21.4579685
Лабораторија за тестирање мебел - ФДТМЕ,Cкoпje,16 Македонска Бригада,,+389(2)6154666,42.0024672,21.4591177
Поранешен ФОН,,,,,42.0045869,21.4888751
Институт за Сточарство,,Булевар Илинден,,,42.0087773,21.4130242
South East European University,Cкoпje,,,,41.9991337,21.4353055
Сули-ан - Факултет за ликовна уметност,Cкoпje,,,,42.0016700,21.4377751
